# i, e - E[-1] 
0.00000000e+00	2.89544546e+00	
1.00000000e+00	2.32182582e+00	
2.00000000e+00	1.93432128e+00	
3.00000000e+00	1.61854194e+00	
4.00000000e+00	1.36609039e+00	
5.00000000e+00	1.18669830e+00	
6.00000000e+00	1.09795131e+00	
7.00000000e+00	1.03792758e+00	
8.00000000e+00	9.64597869e-01	
9.00000000e+00	9.31560242e-01	
1.00000000e+01	8.73644909e-01	
1.10000000e+01	8.46890027e-01	
1.20000000e+01	7.90449233e-01	
1.30000000e+01	7.64871689e-01	
1.40000000e+01	7.32885076e-01	
1.50000000e+01	6.98398931e-01	
1.60000000e+01	6.76795023e-01	
1.70000000e+01	6.64815958e-01	
1.80000000e+01	6.56024143e-01	
1.90000000e+01	6.51003082e-01	
2.00000000e+01	6.42902800e-01	
2.10000000e+01	6.42991856e-01	
2.20000000e+01	6.39059214e-01	
2.30000000e+01	6.21454219e-01	
2.40000000e+01	6.24484354e-01	
2.50000000e+01	6.17147094e-01	
2.60000000e+01	6.07328835e-01	
2.70000000e+01	6.01171900e-01	
2.80000000e+01	6.01712867e-01	
2.90000000e+01	5.96943272e-01	
3.00000000e+01	5.92463695e-01	
3.10000000e+01	5.92568538e-01	
3.20000000e+01	5.95454391e-01	
3.30000000e+01	5.83341264e-01	
3.40000000e+01	5.88295533e-01	
3.50000000e+01	5.80835663e-01	
3.60000000e+01	5.63671423e-01	
3.70000000e+01	5.70396341e-01	
3.80000000e+01	5.72961475e-01	
3.90000000e+01	5.68074717e-01	
4.00000000e+01	5.55162329e-01	
4.10000000e+01	5.44951275e-01	
4.20000000e+01	5.32061211e-01	
4.30000000e+01	5.26056049e-01	
4.40000000e+01	5.08516448e-01	
4.50000000e+01	4.98424603e-01	
4.60000000e+01	4.71899162e-01	
4.70000000e+01	4.55275629e-01	
4.80000000e+01	4.30762191e-01	
4.90000000e+01	4.10642401e-01	
5.00000000e+01	4.00744101e-01	
5.10000000e+01	3.70517934e-01	
5.20000000e+01	3.54318957e-01	
5.30000000e+01	3.38116472e-01	
5.40000000e+01	3.03430777e-01	
5.50000000e+01	2.80764838e-01	
5.60000000e+01	2.65341183e-01	
5.70000000e+01	2.44651104e-01	
5.80000000e+01	2.21391707e-01	
5.90000000e+01	2.08133665e-01	
6.00000000e+01	1.86534290e-01	
6.10000000e+01	1.76830018e-01	
6.20000000e+01	1.60847467e-01	
6.30000000e+01	1.40791315e-01	
6.40000000e+01	1.24827260e-01	
6.50000000e+01	1.22981579e-01	
6.60000000e+01	1.10601836e-01	
6.70000000e+01	9.26485937e-02	
6.80000000e+01	9.07770748e-02	
6.90000000e+01	8.72891245e-02	
7.00000000e+01	7.88901153e-02	
7.10000000e+01	7.75716267e-02	
7.20000000e+01	6.71397827e-02	
7.30000000e+01	6.60720919e-02	
7.40000000e+01	5.07289580e-02	
7.50000000e+01	5.16500989e-02	
7.60000000e+01	3.93288379e-02	
7.70000000e+01	4.35300008e-02	
7.80000000e+01	3.16367935e-02	
7.90000000e+01	3.54043783e-02	
8.00000000e+01	3.50680359e-02	
8.10000000e+01	2.40160550e-02	
8.20000000e+01	1.70944211e-02	
8.30000000e+01	2.01387511e-02	
8.40000000e+01	1.60081609e-02	
8.50000000e+01	-2.19525442e-04	
8.60000000e+01	1.10578754e-02	
8.70000000e+01	1.69987814e-02	
8.80000000e+01	1.76342148e-02	
8.90000000e+01	1.66271948e-02	
9.00000000e+01	1.68253080e-02	
9.10000000e+01	1.58709709e-02	
9.20000000e+01	1.08433045e-02	
9.30000000e+01	9.76606219e-03	
9.40000000e+01	1.06866469e-02	
9.50000000e+01	-1.40508677e-02	
9.60000000e+01	1.85707541e-02	
9.70000000e+01	9.24251479e-03	
9.80000000e+01	4.26962172e-03	
9.90000000e+01	8.71992948e-03	
1.00000000e+02	3.65640508e-03	
1.01000000e+02	4.74776497e-04	
1.02000000e+02	3.94039668e-04	
1.03000000e+02	-2.87198575e-03	
1.04000000e+02	9.31637960e-04	
1.05000000e+02	5.61422685e-03	
1.06000000e+02	3.38881021e-03	
1.07000000e+02	-6.42231043e-03	
1.08000000e+02	6.12806786e-03	
1.09000000e+02	-2.23819743e-03	
1.10000000e+02	-2.83149256e-03	
1.11000000e+02	-8.85688561e-05	
1.12000000e+02	1.95709312e-03	
1.13000000e+02	0.00000000e+00	
